13
12
14
15
16
19
27
38
52
77
103
133
159
179
190
205
199
201
183
190
169
154
142
121
107
96
86
89
69
54
39
10
9
11
12
13
14
15
18
25
36
51
73
102
130
156
177
178
186
207
203
202
193
189
173
165
158
146
134
108
101
106
125
100
10
9
11
12
15
23
40
67
95
119
142
168
190
195
188
204
196
205
202
193
173
167
145
117
88
69
54
39
26
20
16
14
13
12
11
10
9
10
9
11
12
13
16
19
25
36
53
71
93
117
145
161
182
180
173
183
171
181
177
170
147
20
13
27
39
55
74
103
130
153
177
172
188
201
192
198
196
202
158
137
117
89
66
41
26
66
52
63
39
14
11
21
28
40
56
75
103
125
155
175
194
191
197
183
164
143
137
115
85
62
38
26
18
16
13
19
21
23
25
29
33
37
40
44
57
79
103
126
152
179
126
152
120
104
88
88
96
117
22
19
25
29
37
49
66
86
109
135
163
153
164
209
190
181
143
113
83
63
47
31
18
148
174
185
193
190
159
135
103
81
63
45
30
19
15
14
13
12
11
10
9
10
9
11
15
18
23
34
46
57
74
102
138
154
179
189
156
138
115
89
27
10
9
13
16
22
26
30
43
57
71
107
13
12
14
40
26
65
91
122
151
168
180
188
189
172
142
185
162
153
155
155
163
155
165
183
